21 10 2020 11111111
01 10 2020 09708039
02 10 2020 09708039
03 10 2020 09708039
04 10 2020 09708039
13 10 2020 22222222
14 10 2020 22222222
30 10 2020 22222222
07 10 2020 44444444
08 10 2020 44444444
05 10 2020 55555555
06 10 2020 55555555
28 08 2020 55555555
29 10 2020 55555555
30 10 2020 55555555
21 11 2020 11111111
01 11 2020 09708039
02 11 2020 09708039
03 11 2020 09708039
04 11 2020 09708039
13 11 2020 22222222
14 11 2020 22222222
30 11 2020 22222222
07 11 2020 44444444
08 11 2020 44444444
05 11 2020 55555555
06 11 2020 55555555
28 11 2020 55555555
29 11 2020 55555555
30 11 2020 55555555
21 12 2020 11111111
01 12 2020 09708039
02 12 2020 09708039
03 12 2020 09708039
04 12 2020 09708039
13 12 2020 22222222
14 12 2020 22222222
30 12 2020 22222222
07 12 2020 44444444
08 12 2020 44444444
05 12 2020 55555555
06 12 2020 55555555
28 12 2020 55555555
29 12 2020 55555555
30 12 2020 55555555

